0.000000000000000000e+00 0.000000000000000000e+00 0.000000000000000000e+00 0.000000000000000000e+00 0.000000000000000000e+00 0.000000000000000000e+00 0.000000000000000000e+00 0.000000000000000000e+00 1.100000000000000000e+01 4.300000000000000000e+01 4.600000000000000000e+01 1.600000000000000000e+01 2.600000000000000000e+01 1.800000000000000000e+01 4.700000000000000000e+01 6.500000000000000000e+01 4.300000000000000000e+01 9.600000000000000000e+01 1.240000000000000000e+02 2.450000000000000000e+02 2.040000000000000000e+02 2.400000000000000000e+02 2.760000000000000000e+02 3.040000000000000000e+02 5.010000000000000000e+02 4.110000000000000000e+02 6.970000000000000000e+02 3.910000000000000000e+02 3.720000000000000000e+02 3.410000000000000000e+02 2.850000000000000000e+02 2.350000000000000000e+02 1.800000000000000000e+02 2.090000000000000000e+02 1.270000000000000000e+02 9.500000000000000000e+01 9.100000000000000000e+01 1.110000000000000000e+02 1.250000000000000000e+02 1.100000000000000000e+02
0.000000000000000000e+00 0.000000000000000000e+00 0.000000000000000000e+00 0.000000000000000000e+00 0.000000000000000000e+00 0.000000000000000000e+00 0.000000000000000000e+00 6.600000000000000000e+01 1.030000000000000000e+02 1.070000000000000000e+02 1.590000000000000000e+02 1.640000000000000000e+02 2.040000000000000000e+02 2.750000000000000000e+02 3.650000000000000000e+02 3.690000000000000000e+02 4.860000000000000000e+02 7.120000000000000000e+02 8.230000000000000000e+02 1.036000000000000000e+03 1.377000000000000000e+03 1.603000000000000000e+03 1.915000000000000000e+03 2.240000000000000000e+03 2.373000000000000000e+03 2.738000000000000000e+03 2.493000000000000000e+03 2.178000000000000000e+03 1.981000000000000000e+03 1.590000000000000000e+03 1.446000000000000000e+03 1.159000000000000000e+03 1.020000000000000000e+03 1.005000000000000000e+03 8.850000000000000000e+02 8.040000000000000000e+02 7.930000000000000000e+02 7.820000000000000000e+02 7.500000000000000000e+02 7.450000000000000000e+02
0.000000000000000000e+00 0.000000000000000000e+00 1.600000000000000000e+01 1.600000000000000000e+01 6.000000000000000000e+00 3.400000000000000000e+01 1.660000000000000000e+02 1.550000000000000000e+02 2.150000000000000000e+02 3.550000000000000000e+02 6.170000000000000000e+02 7.100000000000000000e+02 7.700000000000000000e+02 9.140000000000000000e+02 1.487000000000000000e+03 1.981000000000000000e+03 2.057000000000000000e+03 2.740000000000000000e+03 3.300000000000000000e+03 4.112000000000000000e+03 4.478000000000000000e+03 5.387000000000000000e+03 6.738000000000000000e+03 7.100000000000000000e+03 7.671000000000000000e+03 7.618000000000000000e+03 7.060000000000000000e+03 6.634000000000000000e+03 5.834000000000000000e+03 4.837000000000000000e+03 4.122000000000000000e+03 3.408000000000000000e+03 3.178000000000000000e+03 3.154000000000000000e+03 2.837000000000000000e+03 2.291000000000000000e+03 2.811000000000000000e+03 2.293000000000000000e+03 2.339000000000000000e+03 2.293000000000000000e+03
0.000000000000000000e+00 0.000000000000000000e+00 1.600000000000000000e+01 2.600000000000000000e+01 9.700000000000000000e+01 2.710000000000000000e+02 3.910000000000000000e+02 6.870000000000000000e+02 1.029000000000000000e+03 1.620000000000000000e+03 1.862000000000000000e+03 2.229000000000000000e+03 2.614000000000000000e+03 3.406000000000000000e+03 4.243000000000000000e+03 5.132000000000000000e+03 5.566000000000000000e+03 7.049000000000000000e+03 7.974000000000000000e+03 8.864000000000000000e+03 1.049500000000000000e+04 1.192100000000000000e+04 1.382900000000000000e+04 1.472700000000000000e+04 1.506100000000000000e+04 1.466200000000000000e+04 1.453200000000000000e+04 1.285100000000000000e+04 1.126600000000000000e+04 9.353000000000000000e+03 8.699000000000000000e+03 7.030000000000000000e+03 6.352000000000000000e+03 5.768000000000000000e+03 5.491000000000000000e+03 5.099000000000000000e+03 4.848000000000000000e+03 4.612000000000000000e+03 4.687000000000000000e+03 4.537000000000000000e+03
0.000000000000000000e+00 0.000000000000000000e+00 6.000000000000000000e+00 9.700000000000000000e+01 2.840000000000000000e+02 5.990000000000000000e+02 1.157000000000000000e+03 1.696000000000000000e+03 2.603000000000000000e+03 3.420000000000000000e+03 4.641000000000000000e+03 5.332000000000000000e+03 6.314000000000000000e+03 7.494000000000000000e+03 8.280000000000000000e+03 9.910000000000000000e+03 1.074500000000000000e+04 1.195100000000000000e+04 1.326000000000000000e+04 1.553400000000000000e+04 1.719400000000000000e+04 1.866000000000000000e+04 1.961300000000000000e+04 2.005700000000000000e+04 2.090100000000000000e+04 2.068000000000000000e+04 1.913500000000000000e+04 1.658500000000000000e+04 1.433000000000000000e+04 1.328000000000000000e+04 1.172400000000000000e+04 1.015000000000000000e+04 9.083000000000000000e+03 8.486000000000000000e+03 7.723000000000000000e+03 7.345000000000000000e+03 7.020000000000000000e+03 6.478000000000000000e+03 6.472000000000000000e+03 6.417000000000000000e+03
0.000000000000000000e+00 0.000000000000000000e+00 3.400000000000000000e+01 2.710000000000000000e+02 5.990000000000000000e+02 1.176000000000000000e+03 2.480000000000000000e+03 3.965000000000000000e+03 5.226000000000000000e+03 6.447000000000000000e+03 8.048000000000000000e+03 9.579000000000000000e+03 1.135100000000000000e+04 1.157900000000000000e+04 1.216100000000000000e+04 1.389400000000000000e+04 1.483000000000000000e+04 1.593900000000000000e+04 1.705000000000000000e+04 1.818400000000000000e+04 1.966000000000000000e+04 2.044400000000000000e+04 2.117500000000000000e+04 2.081900000000000000e+04 2.146000000000000000e+04 2.077100000000000000e+04 1.851400000000000000e+04 1.693200000000000000e+04 1.599400000000000000e+04 1.419700000000000000e+04 1.292000000000000000e+04 1.137900000000000000e+04 9.616000000000000000e+03 8.788000000000000000e+03 8.517000000000000000e+03 8.011000000000000000e+03 7.644000000000000000e+03 6.927000000000000000e+03 6.822000000000000000e+03 6.966000000000000000e+03
0.000000000000000000e+00 0.000000000000000000e+00 1.660000000000000000e+02 3.910000000000000000e+02 1.157000000000000000e+03 2.480000000000000000e+03 4.374000000000000000e+03 6.603000000000000000e+03 8.483000000000000000e+03 1.049800000000000000e+04 1.286200000000000000e+04 1.309100000000000000e+04 1.375500000000000000e+04 1.368900000000000000e+04 1.454400000000000000e+04 1.557900000000000000e+04 1.610800000000000000e+04 1.638600000000000000e+04 1.564600000000000000e+04 1.673700000000000000e+04 1.744200000000000000e+04 1.746100000000000000e+04 1.868300000000000000e+04 1.856300000000000000e+04 1.778500000000000000e+04 1.685200000000000000e+04 1.557900000000000000e+04 1.443700000000000000e+04 1.311300000000000000e+04 1.192100000000000000e+04 1.086900000000000000e+04 1.010200000000000000e+04 8.901000000000000000e+03 7.662000000000000000e+03 7.365000000000000000e+03 6.987000000000000000e+03 6.985000000000000000e+03 6.359000000000000000e+03 6.096000000000000000e+03 7.027000000000000000e+03
0.000000000000000000e+00 6.600000000000000000e+01 1.550000000000000000e+02 6.870000000000000000e+02 1.696000000000000000e+03 3.965000000000000000e+03 6.603000000000000000e+03 8.950000000000000000e+03 1.179500000000000000e+04 1.356900000000000000e+04 1.423800000000000000e+04 1.476400000000000000e+04 1.420700000000000000e+04 1.413000000000000000e+04 1.360200000000000000e+04 1.286900000000000000e+04 1.305700000000000000e+04 1.302400000000000000e+04 1.336600000000000000e+04 1.295000000000000000e+04 1.295100000000000000e+04 1.325400000000000000e+04 1.336500000000000000e+04 1.255200000000000000e+04 1.268100000000000000e+04 1.159000000000000000e+04 1.144600000000000000e+04 1.005500000000000000e+04 9.439000000000000000e+03 8.494000000000000000e+03 7.807000000000000000e+03 7.301000000000000000e+03 6.529000000000000000e+03 5.570000000000000000e+03 5.908000000000000000e+03 5.717000000000000000e+03 5.331000000000000000e+03 5.131000000000000000e+03 5.459000000000000000e+03 5.589000000000000000e+03
1.100000000000000000e+01 1.030000000000000000e+02 2.150000000000000000e+02 1.029000000000000000e+03 2.603000000000000000e+03 5.226000000000000000e+03 8.483000000000000000e+03 1.179500000000000000e+04 1.418800000000000000e+04 1.542300000000000000e+04 1.448600000000000000e+04 1.354800000000000000e+04 1.315700000000000000e+04 1.241100000000000000e+04 1.134600000000000000e+04 1.022800000000000000e+04 9.351000000000000000e+03 9.122000000000000000e+03 8.815000000000000000e+03 9.289000000000000000e+03 9.261000000000000000e+03 9.054000000000000000e+03 8.675000000000000000e+03 7.898000000000000000e+03 7.436000000000000000e+03 7.461000000000000000e+03 6.937000000000000000e+03 6.297000000000000000e+03 6.341000000000000000e+03 5.474000000000000000e+03 5.147000000000000000e+03 4.981000000000000000e+03 4.543000000000000000e+03 4.186000000000000000e+03 4.159000000000000000e+03 4.355000000000000000e+03 4.295000000000000000e+03 3.828000000000000000e+03 3.855000000000000000e+03 4.120000000000000000e+03
4.300000000000000000e+01 1.070000000000000000e+02 3.550000000000000000e+02 1.620000000000000000e+03 3.420000000000000000e+03 6.447000000000000000e+03 1.049800000000000000e+04 1.356900000000000000e+04 1.542300000000000000e+04 1.551400000000000000e+04 1.358400000000000000e+04 1.178600000000000000e+04 1.101900000000000000e+04 9.421000000000000000e+03 7.902000000000000000e+03 6.766000000000000000e+03 6.077000000000000000e+03 5.985000000000000000e+03 5.933000000000000000e+03 5.466000000000000000e+03 5.753000000000000000e+03 5.731000000000000000e+03 4.911000000000000000e+03 4.880000000000000000e+03 4.773000000000000000e+03 4.346000000000000000e+03 4.042000000000000000e+03 3.681000000000000000e+03 3.684000000000000000e+03 3.546000000000000000e+03 3.760000000000000000e+03 2.991000000000000000e+03 3.111000000000000000e+03 2.966000000000000000e+03 3.416000000000000000e+03 2.935000000000000000e+03 2.941000000000000000e+03 2.865000000000000000e+03 3.034000000000000000e+03 3.229000000000000000e+03
4.600000000000000000e+01 1.590000000000000000e+02 6.170000000000000000e+02 1.862000000000000000e+03 4.641000000000000000e+03 8.048000000000000000e+03 1.286200000000000000e+04 1.423800000000000000e+04 1.448600000000000000e+04 1.358400000000000000e+04 1.173400000000000000e+04 9.799000000000000000e+03 7.551000000000000000e+03 6.422000000000000000e+03 4.710000000000000000e+03 4.165000000000000000e+03 4.208000000000000000e+03 3.781000000000000000e+03 3.721000000000000000e+03 3.464000000000000000e+03 3.142000000000000000e+03 3.058000000000000000e+03 2.977000000000000000e+03 3.123000000000000000e+03 2.831000000000000000e+03 2.766000000000000000e+03 2.392000000000000000e+03 2.273000000000000000e+03 2.451000000000000000e+03 2.370000000000000000e+03 2.143000000000000000e+03 2.010000000000000000e+03 2.055000000000000000e+03 2.283000000000000000e+03 2.044000000000000000e+03 1.989000000000000000e+03 2.050000000000000000e+03 1.955000000000000000e+03 1.922000000000000000e+03 2.217000000000000000e+03
1.600000000000000000e+01 1.640000000000000000e+02 7.100000000000000000e+02 2.229000000000000000e+03 5.332000000000000000e+03 9.579000000000000000e+03 1.309100000000000000e+04 1.476400000000000000e+04 1.354800000000000000e+04 1.178600000000000000e+04 9.799000000000000000e+03 7.124000000000000000e+03 5.518000000000000000e+03 4.508000000000000000e+03 3.303000000000000000e+03 2.871000000000000000e+03 2.516000000000000000e+03 2.544000000000000000e+03 2.203000000000000000e+03 1.921000000000000000e+03 1.989000000000000000e+03 1.974000000000000000e+03 1.856000000000000000e+03 1.810000000000000000e+03 1.700000000000000000e+03 1.746000000000000000e+03 1.543000000000000000e+03 1.750000000000000000e+03 1.718000000000000000e+03 1.430000000000000000e+03 1.521000000000000000e+03 1.300000000000000000e+03 1.452000000000000000e+03 1.472000000000000000e+03 1.425000000000000000e+03 1.275000000000000000e+03 1.496000000000000000e+03 1.540000000000000000e+03 1.559000000000000000e+03 1.523000000000000000e+03
2.600000000000000000e+01 2.040000000000000000e+02 7.700000000000000000e+02 2.614000000000000000e+03 6.314000000000000000e+03 1.135100000000000000e+04 1.375500000000000000e+04 1.420700000000000000e+04 1.315700000000000000e+04 1.101900000000000000e+04 7.551000000000000000e+03 5.518000000000000000e+03 4.310000000000000000e+03 3.333000000000000000e+03 2.433000000000000000e+03 1.897000000000000000e+03 1.805000000000000000e+03 1.411000000000000000e+03 1.327000000000000000e+03 1.279000000000000000e+03 1.304000000000000000e+03 1.132000000000000000e+03 1.248000000000000000e+03 1.314000000000000000e+03 1.296000000000000000e+03 1.355000000000000000e+03 1.361000000000000000e+03 1.225000000000000000e+03 1.245000000000000000e+03 1.169000000000000000e+03 1.130000000000000000e+03 9.600000000000000000e+02 9.520000000000000000e+02 1.003000000000000000e+03 9.630000000000000000e+02 1.073000000000000000e+03 1.183000000000000000e+03 1.348000000000000000e+03 1.168000000000000000e+03 1.327000000000000000e+03
1.800000000000000000e+01 2.750000000000000000e+02 9.140000000000000000e+02 3.406000000000000000e+03 7.494000000000000000e+03 1.157900000000000000e+04 1.368900000000000000e+04 1.413000000000000000e+04 1.241100000000000000e+04 9.421000000000000000e+03 6.422000000000000000e+03 4.508000000000000000e+03 3.333000000000000000e+03 2.540000000000000000e+03 1.888000000000000000e+03 1.585000000000000000e+03 1.274000000000000000e+03 1.173000000000000000e+03 9.730000000000000000e+02 1.080000000000000000e+03 9.090000000000000000e+02 1.078000000000000000e+03 1.238000000000000000e+03 9.740000000000000000e+02 1.147000000000000000e+03 1.046000000000000000e+03 1.104000000000000000e+03 1.064000000000000000e+03 8.710000000000000000e+02 9.850000000000000000e+02 9.190000000000000000e+02 5.940000000000000000e+02 7.400000000000000000e+02 8.960000000000000000e+02 9.110000000000000000e+02 1.075000000000000000e+03 1.212000000000000000e+03 1.265000000000000000e+03 1.152000000000000000e+03 9.640000000000000000e+02
4.700000000000000000e+01 3.650000000000000000e+02 1.487000000000000000e+03 4.243000000000000000e+03 8.280000000000000000e+03 1.216100000000000000e+04 1.454400000000000000e+04 1.360200000000000000e+04 1.134600000000000000e+04 7.902000000000000000e+03 4.710000000000000000e+03 3.303000000000000000e+03 2.433000000000000000e+03 1.888000000000000000e+03 1.374000000000000000e+03 1.249000000000000000e+03 1.069000000000000000e+03 9.710000000000000000e+02 9.390000000000000000e+02 9.330000000000000000e+02 7.720000000000000000e+02 8.400000000000000000e+02 8.590000000000000000e+02 8.850000000000000000e+02 9.610000000000000000e+02 8.980000000000000000e+02 9.640000000000000000e+02 9.410000000000000000e+02 7.130000000000000000e+02 8.870000000000000000e+02 7.380000000000000000e+02 5.960000000000000000e+02 8.630000000000000000e+02 8.090000000000000000e+02 9.260000000000000000e+02 8.150000000000000000e+02 8.380000000000000000e+02 9.270000000000000000e+02 8.430000000000000000e+02 1.048000000000000000e+03
6.500000000000000000e+01 3.690000000000000000e+02 1.981000000000000000e+03 5.132000000000000000e+03 9.910000000000000000e+03 1.389400000000000000e+04 1.557900000000000000e+04 1.286900000000000000e+04 1.022800000000000000e+04 6.766000000000000000e+03 4.165000000000000000e+03 2.871000000000000000e+03 1.897000000000000000e+03 1.585000000000000000e+03 1.249000000000000000e+03 1.072000000000000000e+03 8.540000000000000000e+02 8.100000000000000000e+02 6.670000000000000000e+02 6.810000000000000000e+02 6.180000000000000000e+02 7.690000000000000000e+02 8.370000000000000000e+02 7.260000000000000000e+02 6.530000000000000000e+02 9.240000000000000000e+02 7.480000000000000000e+02 7.930000000000000000e+02 7.850000000000000000e+02 7.180000000000000000e+02 6.890000000000000000e+02 7.180000000000000000e+02 8.000000000000000000e+02 7.480000000000000000e+02 8.160000000000000000e+02 7.860000000000000000e+02 8.960000000000000000e+02 1.206000000000000000e+03 8.900000000000000000e+02 1.025000000000000000e+03
4.300000000000000000e+01 4.860000000000000000e+02 2.057000000000000000e+03 5.566000000000000000e+03 1.074500000000000000e+04 1.483000000000000000e+04 1.610800000000000000e+04 1.305700000000000000e+04 9.351000000000000000e+03 6.077000000000000000e+03 4.208000000000000000e+03 2.516000000000000000e+03 1.805000000000000000e+03 1.274000000000000000e+03 1.069000000000000000e+03 8.540000000000000000e+02 7.060000000000000000e+02 7.190000000000000000e+02 5.290000000000000000e+02 5.490000000000000000e+02 6.170000000000000000e+02 7.020000000000000000e+02 7.310000000000000000e+02 5.330000000000000000e+02 6.580000000000000000e+02 8.310000000000000000e+02 8.260000000000000000e+02 8.910000000000000000e+02 8.790000000000000000e+02 8.530000000000000000e+02 6.890000000000000000e+02 6.260000000000000000e+02 7.790000000000000000e+02 8.600000000000000000e+02 7.610000000000000000e+02 9.170000000000000000e+02 1.018000000000000000e+03 1.141000000000000000e+03 1.093000000000000000e+03 1.022000000000000000e+03
9.600000000000000000e+01 7.120000000000000000e+02 2.740000000000000000e+03 7.049000000000000000e+03 1.195100000000000000e+04 1.593900000000000000e+04 1.638600000000000000e+04 1.302400000000000000e+04 9.122000000000000000e+03 5.985000000000000000e+03 3.781000000000000000e+03 2.544000000000000000e+03 1.411000000000000000e+03 1.173000000000000000e+03 9.710000000000000000e+02 8.100000000000000000e+02 7.190000000000000000e+02 5.240000000000000000e+02 5.590000000000000000e+02 6.300000000000000000e+02 6.260000000000000000e+02 6.580000000000000000e+02 7.690000000000000000e+02 5.280000000000000000e+02 6.210000000000000000e+02 8.280000000000000000e+02 7.230000000000000000e+02 7.530000000000000000e+02 7.630000000000000000e+02 7.850000000000000000e+02 8.390000000000000000e+02 8.400000000000000000e+02 8.660000000000000000e+02 1.085000000000000000e+03 1.029000000000000000e+03 1.149000000000000000e+03 1.117000000000000000e+03 1.049000000000000000e+03 9.030000000000000000e+02 9.970000000000000000e+02
1.240000000000000000e+02 8.230000000000000000e+02 3.300000000000000000e+03 7.974000000000000000e+03 1.326000000000000000e+04 1.705000000000000000e+04 1.564600000000000000e+04 1.336600000000000000e+04 8.815000000000000000e+03 5.933000000000000000e+03 3.721000000000000000e+03 2.203000000000000000e+03 1.327000000000000000e+03 9.730000000000000000e+02 9.390000000000000000e+02 6.670000000000000000e+02 5.290000000000000000e+02 5.590000000000000000e+02 5.080000000000000000e+02 5.710000000000000000e+02 6.150000000000000000e+02 6.580000000000000000e+02 7.020000000000000000e+02 5.150000000000000000e+02 6.530000000000000000e+02 6.370000000000000000e+02 6.920000000000000000e+02 6.120000000000000000e+02 6.750000000000000000e+02 7.670000000000000000e+02 8.510000000000000000e+02 9.330000000000000000e+02 1.143000000000000000e+03 1.274000000000000000e+03 1.244000000000000000e+03 9.110000000000000000e+02 1.259000000000000000e+03 1.190000000000000000e+03 1.142000000000000000e+03 1.336000000000000000e+03
2.450000000000000000e+02 1.036000000000000000e+03 4.112000000000000000e+03 8.864000000000000000e+03 1.553400000000000000e+04 1.818400000000000000e+04 1.673700000000000000e+04 1.295000000000000000e+04 9.289000000000000000e+03 5.466000000000000000e+03 3.464000000000000000e+03 1.921000000000000000e+03 1.279000000000000000e+03 1.080000000000000000e+03 9.330000000000000000e+02 6.810000000000000000e+02 5.490000000000000000e+02 6.300000000000000000e+02 5.710000000000000000e+02 4.700000000000000000e+02 6.690000000000000000e+02 6.590000000000000000e+02 6.350000000000000000e+02 7.320000000000000000e+02 7.550000000000000000e+02 7.070000000000000000e+02 8.330000000000000000e+02 5.560000000000000000e+02 6.920000000000000000e+02 8.740000000000000000e+02 1.034000000000000000e+03 1.006000000000000000e+03 1.147000000000000000e+03 1.280000000000000000e+03 1.343000000000000000e+03 1.446000000000000000e+03 1.453000000000000000e+03 1.432000000000000000e+03 1.339000000000000000e+03 1.371000000000000000e+03
2.040000000000000000e+02 1.377000000000000000e+03 4.478000000000000000e+03 1.049500000000000000e+04 1.719400000000000000e+04 1.966000000000000000e+04 1.744200000000000000e+04 1.295100000000000000e+04 9.261000000000000000e+03 5.753000000000000000e+03 3.142000000000000000e+03 1.989000000000000000e+03 1.304000000000000000e+03 9.090000000000000000e+02 7.720000000000000000e+02 6.180000000000000000e+02 6.170000000000000000e+02 6.260000000000000000e+02 6.150000000000000000e+02 6.690000000000000000e+02 5.880000000000000000e+02 6.510000000000000000e+02 7.840000000000000000e+02 7.700000000000000000e+02 6.690000000000000000e+02 8.590000000000000000e+02 8.720000000000000000e+02 9.410000000000000000e+02 9.300000000000000000e+02 1.124000000000000000e+03 1.107000000000000000e+03 1.328000000000000000e+03 1.374000000000000000e+03 1.538000000000000000e+03 1.372000000000000000e+03 1.717000000000000000e+03 1.529000000000000000e+03 1.512000000000000000e+03 1.307000000000000000e+03 1.454000000000000000e+03
2.400000000000000000e+02 1.603000000000000000e+03 5.387000000000000000e+03 1.192100000000000000e+04 1.866000000000000000e+04 2.044400000000000000e+04 1.746100000000000000e+04 1.325400000000000000e+04 9.054000000000000000e+03 5.731000000000000000e+03 3.058000000000000000e+03 1.974000000000000000e+03 1.132000000000000000e+03 1.078000000000000000e+03 8.400000000000000000e+02 7.690000000000000000e+02 7.020000000000000000e+02 6.580000000000000000e+02 6.580000000000000000e+02 6.590000000000000000e+02 6.510000000000000000e+02 6.820000000000000000e+02 8.510000000000000000e+02 8.470000000000000000e+02 8.700000000000000000e+02 8.870000000000000000e+02 9.370000000000000000e+02 1.226000000000000000e+03 1.332000000000000000e+03 1.387000000000000000e+03 1.303000000000000000e+03 1.526000000000000000e+03 1.323000000000000000e+03 1.474000000000000000e+03 1.517000000000000000e+03 1.790000000000000000e+03 1.715000000000000000e+03 1.603000000000000000e+03 1.369000000000000000e+03 1.600000000000000000e+03
2.760000000000000000e+02 1.915000000000000000e+03 6.738000000000000000e+03 1.382900000000000000e+04 1.961300000000000000e+04 2.117500000000000000e+04 1.868300000000000000e+04 1.336500000000000000e+04 8.675000000000000000e+03 4.911000000000000000e+03 2.977000000000000000e+03 1.856000000000000000e+03 1.248000000000000000e+03 1.238000000000000000e+03 8.590000000000000000e+02 8.370000000000000000e+02 7.310000000000000000e+02 7.690000000000000000e+02 7.020000000000000000e+02 6.350000000000000000e+02 7.840000000000000000e+02 8.510000000000000000e+02 9.640000000000000000e+02 1.153000000000000000e+03 1.083000000000000000e+03 1.030000000000000000e+03 1.145000000000000000e+03 1.405000000000000000e+03 1.502000000000000000e+03 1.539000000000000000e+03 1.648000000000000000e+03 1.573000000000000000e+03 1.505000000000000000e+03 1.647000000000000000e+03 1.599000000000000000e+03 1.631000000000000000e+03 1.571000000000000000e+03 1.399000000000000000e+03 1.608000000000000000e+03 1.808000000000000000e+03
3.040000000000000000e+02 2.240000000000000000e+03 7.100000000000000000e+03 1.472700000000000000e+04 2.005700000000000000e+04 2.081900000000000000e+04 1.856300000000000000e+04 1.255200000000000000e+04 7.898000000000000000e+03 4.880000000000000000e+03 3.123000000000000000e+03 1.810000000000000000e+03 1.314000000000000000e+03 9.740000000000000000e+02 8.850000000000000000e+02 7.260000000000000000e+02 5.330000000000000000e+02 5.280000000000000000e+02 5.150000000000000000e+02 7.320000000000000000e+02 7.700000000000000000e+02 8.470000000000000000e+02 1.153000000000000000e+03 1.094000000000000000e+03 1.066000000000000000e+03 1.258000000000000000e+03 1.319000000000000000e+03 1.366000000000000000e+03 1.604000000000000000e+03 1.860000000000000000e+03 1.869000000000000000e+03 1.684000000000000000e+03 1.901000000000000000e+03 1.693000000000000000e+03 1.697000000000000000e+03 1.781000000000000000e+03 1.753000000000000000e+03 1.749000000000000000e+03 1.549000000000000000e+03 1.991000000000000000e+03
5.010000000000000000e+02 2.373000000000000000e+03 7.671000000000000000e+03 1.506100000000000000e+04 2.090100000000000000e+04 2.146000000000000000e+04 1.778500000000000000e+04 1.268100000000000000e+04 7.436000000000000000e+03 4.773000000000000000e+03 2.831000000000000000e+03 1.700000000000000000e+03 1.296000000000000000e+03 1.147000000000000000e+03 9.610000000000000000e+02 6.530000000000000000e+02 6.580000000000000000e+02 6.210000000000000000e+02 6.530000000000000000e+02 7.550000000000000000e+02 6.690000000000000000e+02 8.700000000000000000e+02 1.083000000000000000e+03 1.066000000000000000e+03 1.082000000000000000e+03 1.332000000000000000e+03 1.438000000000000000e+03 1.454000000000000000e+03 2.022000000000000000e+03 1.870000000000000000e+03 1.546000000000000000e+03 1.876000000000000000e+03 1.769000000000000000e+03 1.673000000000000000e+03 1.613000000000000000e+03 2.079000000000000000e+03 2.126000000000000000e+03 2.208000000000000000e+03 2.510000000000000000e+03 2.345000000000000000e+03
4.110000000000000000e+02 2.738000000000000000e+03 7.618000000000000000e+03 1.466200000000000000e+04 2.068000000000000000e+04 2.077100000000000000e+04 1.685200000000000000e+04 1.159000000000000000e+04 7.461000000000000000e+03 4.346000000000000000e+03 2.766000000000000000e+03 1.746000000000000000e+03 1.355000000000000000e+03 1.046000000000000000e+03 8.980000000000000000e+02 9.240000000000000000e+02 8.310000000000000000e+02 8.280000000000000000e+02 6.370000000000000000e+02 7.070000000000000000e+02 8.590000000000000000e+02 8.870000000000000000e+02 1.030000000000000000e+03 1.258000000000000000e+03 1.332000000000000000e+03 1.696000000000000000e+03 1.925000000000000000e+03 1.716000000000000000e+03 1.734000000000000000e+03 1.716000000000000000e+03 1.708000000000000000e+03 2.040000000000000000e+03 2.021000000000000000e+03 1.852000000000000000e+03 2.004000000000000000e+03 2.063000000000000000e+03 2.438000000000000000e+03 2.296000000000000000e+03 2.166000000000000000e+03 2.182000000000000000e+03
6.970000000000000000e+02 2.493000000000000000e+03 7.060000000000000000e+03 1.453200000000000000e+04 1.913500000000000000e+04 1.851400000000000000e+04 1.557900000000000000e+04 1.144600000000000000e+04 6.937000000000000000e+03 4.042000000000000000e+03 2.392000000000000000e+03 1.543000000000000000e+03 1.361000000000000000e+03 1.104000000000000000e+03 9.640000000000000000e+02 7.480000000000000000e+02 8.260000000000000000e+02 7.230000000000000000e+02 6.920000000000000000e+02 8.330000000000000000e+02 8.720000000000000000e+02 9.370000000000000000e+02 1.145000000000000000e+03 1.319000000000000000e+03 1.438000000000000000e+03 1.925000000000000000e+03 1.798000000000000000e+03 2.013000000000000000e+03 1.898000000000000000e+03 1.747000000000000000e+03 2.229000000000000000e+03 2.196000000000000000e+03 2.260000000000000000e+03 1.951000000000000000e+03 1.976000000000000000e+03 2.327000000000000000e+03 2.193000000000000000e+03 2.268000000000000000e+03 2.391000000000000000e+03 2.254000000000000000e+03
3.910000000000000000e+02 2.178000000000000000e+03 6.634000000000000000e+03 1.285100000000000000e+04 1.658500000000000000e+04 1.693200000000000000e+04 1.443700000000000000e+04 1.005500000000000000e+04 6.297000000000000000e+03 3.681000000000000000e+03 2.273000000000000000e+03 1.750000000000000000e+03 1.225000000000000000e+03 1.064000000000000000e+03 9.410000000000000000e+02 7.930000000000000000e+02 8.910000000000000000e+02 7.530000000000000000e+02 6.120000000000000000e+02 5.560000000000000000e+02 9.410000000000000000e+02 1.226000000000000000e+03 1.405000000000000000e+03 1.366000000000000000e+03 1.454000000000000000e+03 1.716000000000000000e+03 2.013000000000000000e+03 1.990000000000000000e+03 2.095000000000000000e+03 2.225000000000000000e+03 2.234000000000000000e+03 2.449000000000000000e+03 2.327000000000000000e+03 2.319000000000000000e+03 2.181000000000000000e+03 2.376000000000000000e+03 2.166000000000000000e+03 2.173000000000000000e+03 2.256000000000000000e+03 2.513000000000000000e+03
3.720000000000000000e+02 1.981000000000000000e+03 5.834000000000000000e+03 1.126600000000000000e+04 1.433000000000000000e+04 1.599400000000000000e+04 1.311300000000000000e+04 9.439000000000000000e+03 6.341000000000000000e+03 3.684000000000000000e+03 2.451000000000000000e+03 1.718000000000000000e+03 1.245000000000000000e+03 8.710000000000000000e+02 7.130000000000000000e+02 7.850000000000000000e+02 8.790000000000000000e+02 7.630000000000000000e+02 6.750000000000000000e+02 6.920000000000000000e+02 9.300000000000000000e+02 1.332000000000000000e+03 1.502000000000000000e+03 1.604000000000000000e+03 2.022000000000000000e+03 1.734000000000000000e+03 1.898000000000000000e+03 2.095000000000000000e+03 2.442000000000000000e+03 2.162000000000000000e+03 2.383000000000000000e+03 2.395000000000000000e+03 2.351000000000000000e+03 2.267000000000000000e+03 2.238000000000000000e+03 2.359000000000000000e+03 2.144000000000000000e+03 1.977000000000000000e+03 2.277000000000000000e+03 2.620000000000000000e+03
3.410000000000000000e+02 1.590000000000000000e+03 4.837000000000000000e+03 9.353000000000000000e+03 1.328000000000000000e+04 1.419700000000000000e+04 1.192100000000000000e+04 8.494000000000000000e+03 5.474000000000000000e+03 3.546000000000000000e+03 2.370000000000000000e+03 1.430000000000000000e+03 1.169000000000000000e+03 9.850000000000000000e+02 8.870000000000000000e+02 7.180000000000000000e+02 8.530000000000000000e+02 7.850000000000000000e+02 7.670000000000000000e+02 8.740000000000000000e+02 1.124000000000000000e+03 1.387000000000000000e+03 1.539000000000000000e+03 1.860000000000000000e+03 1.870000000000000000e+03 1.716000000000000000e+03 1.747000000000000000e+03 2.225000000000000000e+03 2.162000000000000000e+03 2.692000000000000000e+03 2.430000000000000000e+03 2.481000000000000000e+03 2.107000000000000000e+03 2.173000000000000000e+03 2.396000000000000000e+03 2.480000000000000000e+03 2.452000000000000000e+03 2.577000000000000000e+03 2.754000000000000000e+03 2.855000000000000000e+03
2.850000000000000000e+02 1.446000000000000000e+03 4.122000000000000000e+03 8.699000000000000000e+03 1.172400000000000000e+04 1.292000000000000000e+04 1.086900000000000000e+04 7.807000000000000000e+03 5.147000000000000000e+03 3.760000000000000000e+03 2.143000000000000000e+03 1.521000000000000000e+03 1.130000000000000000e+03 9.190000000000000000e+02 7.380000000000000000e+02 6.890000000000000000e+02 6.890000000000000000e+02 8.390000000000000000e+02 8.510000000000000000e+02 1.034000000000000000e+03 1.107000000000000000e+03 1.303000000000000000e+03 1.648000000000000000e+03 1.869000000000000000e+03 1.546000000000000000e+03 1.708000000000000000e+03 2.229000000000000000e+03 2.234000000000000000e+03 2.383000000000000000e+03 2.430000000000000000e+03 2.590000000000000000e+03 2.628000000000000000e+03 2.220000000000000000e+03 2.084000000000000000e+03 2.303000000000000000e+03 2.601000000000000000e+03 2.511000000000000000e+03 2.514000000000000000e+03 2.687000000000000000e+03 2.563000000000000000e+03
2.350000000000000000e+02 1.159000000000000000e+03 3.408000000000000000e+03 7.030000000000000000e+03 1.015000000000000000e+04 1.137900000000000000e+04 1.010200000000000000e+04 7.301000000000000000e+03 4.981000000000000000e+03 2.991000000000000000e+03 2.010000000000000000e+03 1.300000000000000000e+03 9.600000000000000000e+02 5.940000000000000000e+02 5.960000000000000000e+02 7.180000000000000000e+02 6.260000000000000000e+02 8.400000000000000000e+02 9.330000000000000000e+02 1.006000000000000000e+03 1.328000000000000000e+03 1.526000000000000000e+03 1.573000000000000000e+03 1.684000000000000000e+03 1.876000000000000000e+03 2.040000000000000000e+03 2.196000000000000000e+03 2.449000000000000000e+03 2.395000000000000000e+03 2.481000000000000000e+03 2.628000000000000000e+03 2.564000000000000000e+03 2.328000000000000000e+03 2.303000000000000000e+03 2.614000000000000000e+03 2.756000000000000000e+03 2.652000000000000000e+03 2.582000000000000000e+03 2.771000000000000000e+03 2.657000000000000000e+03
1.800000000000000000e+02 1.020000000000000000e+03 3.178000000000000000e+03 6.352000000000000000e+03 9.083000000000000000e+03 9.616000000000000000e+03 8.901000000000000000e+03 6.529000000000000000e+03 4.543000000000000000e+03 3.111000000000000000e+03 2.055000000000000000e+03 1.452000000000000000e+03 9.520000000000000000e+02 7.400000000000000000e+02 8.630000000000000000e+02 8.000000000000000000e+02 7.790000000000000000e+02 8.660000000000000000e+02 1.143000000000000000e+03 1.147000000000000000e+03 1.374000000000000000e+03 1.323000000000000000e+03 1.505000000000000000e+03 1.901000000000000000e+03 1.769000000000000000e+03 2.021000000000000000e+03 2.260000000000000000e+03 2.327000000000000000e+03 2.351000000000000000e+03 2.107000000000000000e+03 2.220000000000000000e+03 2.328000000000000000e+03 2.310000000000000000e+03 2.449000000000000000e+03 2.706000000000000000e+03 2.844000000000000000e+03 3.081000000000000000e+03 2.867000000000000000e+03 3.235000000000000000e+03 2.599000000000000000e+03
2.090000000000000000e+02 1.005000000000000000e+03 3.154000000000000000e+03 5.768000000000000000e+03 8.486000000000000000e+03 8.788000000000000000e+03 7.662000000000000000e+03 5.570000000000000000e+03 4.186000000000000000e+03 2.966000000000000000e+03 2.283000000000000000e+03 1.472000000000000000e+03 1.003000000000000000e+03 8.960000000000000000e+02 8.090000000000000000e+02 7.480000000000000000e+02 8.600000000000000000e+02 1.085000000000000000e+03 1.274000000000000000e+03 1.280000000000000000e+03 1.538000000000000000e+03 1.474000000000000000e+03 1.647000000000000000e+03 1.693000000000000000e+03 1.673000000000000000e+03 1.852000000000000000e+03 1.951000000000000000e+03 2.319000000000000000e+03 2.267000000000000000e+03 2.173000000000000000e+03 2.084000000000000000e+03 2.303000000000000000e+03 2.449000000000000000e+03 2.490000000000000000e+03 2.750000000000000000e+03 2.925000000000000000e+03 2.806000000000000000e+03 3.205000000000000000e+03 3.065000000000000000e+03 2.880000000000000000e+03
1.270000000000000000e+02 8.850000000000000000e+02 2.837000000000000000e+03 5.491000000000000000e+03 7.723000000000000000e+03 8.517000000000000000e+03 7.365000000000000000e+03 5.908000000000000000e+03 4.159000000000000000e+03 3.416000000000000000e+03 2.044000000000000000e+03 1.425000000000000000e+03 9.630000000000000000e+02 9.110000000000000000e+02 9.260000000000000000e+02 8.160000000000000000e+02 7.610000000000000000e+02 1.029000000000000000e+03 1.244000000000000000e+03 1.343000000000000000e+03 1.372000000000000000e+03 1.517000000000000000e+03 1.599000000000000000e+03 1.697000000000000000e+03 1.613000000000000000e+03 2.004000000000000000e+03 1.976000000000000000e+03 2.181000000000000000e+03 2.238000000000000000e+03 2.396000000000000000e+03 2.303000000000000000e+03 2.614000000000000000e+03 2.706000000000000000e+03 2.750000000000000000e+03 3.104000000000000000e+03 3.032000000000000000e+03 3.079000000000000000e+03 3.199000000000000000e+03 2.709000000000000000e+03 2.685000000000000000e+03
9.500000000000000000e+01 8.040000000000000000e+02 2.291000000000000000e+03 5.099000000000000000e+03 7.345000000000000000e+03 8.011000000000000000e+03 6.987000000000000000e+03 5.717000000000000000e+03 4.355000000000000000e+03 2.935000000000000000e+03 1.989000000000000000e+03 1.275000000000000000e+03 1.073000000000000000e+03 1.075000000000000000e+03 8.150000000000000000e+02 7.860000000000000000e+02 9.170000000000000000e+02 1.149000000000000000e+03 9.110000000000000000e+02 1.446000000000000000e+03 1.717000000000000000e+03 1.790000000000000000e+03 1.631000000000000000e+03 1.781000000000000000e+03 2.079000000000000000e+03 2.063000000000000000e+03 2.327000000000000000e+03 2.376000000000000000e+03 2.359000000000000000e+03 2.480000000000000000e+03 2.601000000000000000e+03 2.756000000000000000e+03 2.844000000000000000e+03 2.925000000000000000e+03 3.032000000000000000e+03 3.050000000000000000e+03 3.373000000000000000e+03 2.779000000000000000e+03 2.996000000000000000e+03 2.728000000000000000e+03
9.100000000000000000e+01 7.930000000000000000e+02 2.811000000000000000e+03 4.848000000000000000e+03 7.020000000000000000e+03 7.644000000000000000e+03 6.985000000000000000e+03 5.331000000000000000e+03 4.295000000000000000e+03 2.941000000000000000e+03 2.050000000000000000e+03 1.496000000000000000e+03 1.183000000000000000e+03 1.212000000000000000e+03 8.380000000000000000e+02 8.960000000000000000e+02 1.018000000000000000e+03 1.117000000000000000e+03 1.259000000000000000e+03 1.453000000000000000e+03 1.529000000000000000e+03 1.715000000000000000e+03 1.571000000000000000e+03 1.753000000000000000e+03 2.126000000000000000e+03 2.438000000000000000e+03 2.193000000000000000e+03 2.166000000000000000e+03 2.144000000000000000e+03 2.452000000000000000e+03 2.511000000000000000e+03 2.652000000000000000e+03 3.081000000000000000e+03 2.806000000000000000e+03 3.079000000000000000e+03 3.373000000000000000e+03 2.940000000000000000e+03 3.027000000000000000e+03 2.801000000000000000e+03 2.996000000000000000e+03
1.110000000000000000e+02 7.820000000000000000e+02 2.293000000000000000e+03 4.612000000000000000e+03 6.478000000000000000e+03 6.927000000000000000e+03 6.359000000000000000e+03 5.131000000000000000e+03 3.828000000000000000e+03 2.865000000000000000e+03 1.955000000000000000e+03 1.540000000000000000e+03 1.348000000000000000e+03 1.265000000000000000e+03 9.270000000000000000e+02 1.206000000000000000e+03 1.141000000000000000e+03 1.049000000000000000e+03 1.190000000000000000e+03 1.432000000000000000e+03 1.512000000000000000e+03 1.603000000000000000e+03 1.399000000000000000e+03 1.749000000000000000e+03 2.208000000000000000e+03 2.296000000000000000e+03 2.268000000000000000e+03 2.173000000000000000e+03 1.977000000000000000e+03 2.577000000000000000e+03 2.514000000000000000e+03 2.582000000000000000e+03 2.867000000000000000e+03 3.205000000000000000e+03 3.199000000000000000e+03 2.779000000000000000e+03 3.027000000000000000e+03 2.574000000000000000e+03 2.932000000000000000e+03 3.194000000000000000e+03
1.250000000000000000e+02 7.500000000000000000e+02 2.339000000000000000e+03 4.687000000000000000e+03 6.472000000000000000e+03 6.822000000000000000e+03 6.096000000000000000e+03 5.459000000000000000e+03 3.855000000000000000e+03 3.034000000000000000e+03 1.922000000000000000e+03 1.559000000000000000e+03 1.168000000000000000e+03 1.152000000000000000e+03 8.430000000000000000e+02 8.900000000000000000e+02 1.093000000000000000e+03 9.030000000000000000e+02 1.142000000000000000e+03 1.339000000000000000e+03 1.307000000000000000e+03 1.369000000000000000e+03 1.608000000000000000e+03 1.549000000000000000e+03 2.510000000000000000e+03 2.166000000000000000e+03 2.391000000000000000e+03 2.256000000000000000e+03 2.277000000000000000e+03 2.754000000000000000e+03 2.687000000000000000e+03 2.771000000000000000e+03 3.235000000000000000e+03 3.065000000000000000e+03 2.709000000000000000e+03 2.996000000000000000e+03 2.801000000000000000e+03 2.932000000000000000e+03 2.958000000000000000e+03 3.059000000000000000e+03
1.100000000000000000e+02 7.450000000000000000e+02 2.293000000000000000e+03 4.537000000000000000e+03 6.417000000000000000e+03 6.966000000000000000e+03 7.027000000000000000e+03 5.589000000000000000e+03 4.120000000000000000e+03 3.229000000000000000e+03 2.217000000000000000e+03 1.523000000000000000e+03 1.327000000000000000e+03 9.640000000000000000e+02 1.048000000000000000e+03 1.025000000000000000e+03 1.022000000000000000e+03 9.970000000000000000e+02 1.336000000000000000e+03 1.371000000000000000e+03 1.454000000000000000e+03 1.600000000000000000e+03 1.808000000000000000e+03 1.991000000000000000e+03 2.345000000000000000e+03 2.182000000000000000e+03 2.254000000000000000e+03 2.513000000000000000e+03 2.620000000000000000e+03 2.855000000000000000e+03 2.563000000000000000e+03 2.657000000000000000e+03 2.599000000000000000e+03 2.880000000000000000e+03 2.685000000000000000e+03 2.728000000000000000e+03 2.996000000000000000e+03 3.194000000000000000e+03 3.059000000000000000e+03 3.348000000000000000e+03
