0.000000000000000000e+00 0.000000000000000000e+00 0.000000000000000000e+00 0.000000000000000000e+00 0.000000000000000000e+00 0.000000000000000000e+00 0.000000000000000000e+00 4.000000000000000000e+00 3.000000000000000000e+00 1.400000000000000000e+01 6.000000000000000000e+00 3.600000000000000000e+01 2.400000000000000000e+01 3.800000000000000000e+01 4.100000000000000000e+01 5.100000000000000000e+01 1.040000000000000000e+02 8.400000000000000000e+01 1.340000000000000000e+02 1.680000000000000000e+02 2.600000000000000000e+02 3.210000000000000000e+02 5.220000000000000000e+02 6.120000000000000000e+02 5.410000000000000000e+02 6.990000000000000000e+02 7.450000000000000000e+02 7.080000000000000000e+02 5.490000000000000000e+02 4.310000000000000000e+02 4.280000000000000000e+02 3.510000000000000000e+02 2.960000000000000000e+02 2.740000000000000000e+02 2.130000000000000000e+02 1.250000000000000000e+02 1.140000000000000000e+02 1.360000000000000000e+02 9.500000000000000000e+01 1.320000000000000000e+02
0.000000000000000000e+00 0.000000000000000000e+00 0.000000000000000000e+00 0.000000000000000000e+00 3.000000000000000000e+00 1.200000000000000000e+01 1.000000000000000000e+01 3.000000000000000000e+01 8.900000000000000000e+01 8.800000000000000000e+01 1.430000000000000000e+02 1.210000000000000000e+02 2.590000000000000000e+02 3.200000000000000000e+02 3.060000000000000000e+02 3.930000000000000000e+02 4.410000000000000000e+02 8.440000000000000000e+02 9.380000000000000000e+02 1.067000000000000000e+03 1.499000000000000000e+03 1.842000000000000000e+03 2.274000000000000000e+03 2.874000000000000000e+03 3.033000000000000000e+03 3.072000000000000000e+03 3.124000000000000000e+03 3.048000000000000000e+03 2.633000000000000000e+03 2.166000000000000000e+03 2.230000000000000000e+03 1.517000000000000000e+03 1.358000000000000000e+03 1.265000000000000000e+03 9.930000000000000000e+02 1.036000000000000000e+03 1.038000000000000000e+03 8.950000000000000000e+02 9.020000000000000000e+02 7.660000000000000000e+02
0.000000000000000000e+00 0.000000000000000000e+00 0.000000000000000000e+00 1.000000000000000000e+00 2.900000000000000000e+01 5.400000000000000000e+01 7.400000000000000000e+01 1.880000000000000000e+02 3.220000000000000000e+02 4.070000000000000000e+02 5.600000000000000000e+02 6.740000000000000000e+02 9.670000000000000000e+02 1.285000000000000000e+03 1.458000000000000000e+03 1.687000000000000000e+03 2.270000000000000000e+03 3.004000000000000000e+03 3.455000000000000000e+03 4.151000000000000000e+03 5.046000000000000000e+03 6.259000000000000000e+03 7.177000000000000000e+03 8.424000000000000000e+03 8.304000000000000000e+03 8.458000000000000000e+03 8.682000000000000000e+03 8.100000000000000000e+03 7.172000000000000000e+03 6.284000000000000000e+03 5.351000000000000000e+03 4.688000000000000000e+03 3.899000000000000000e+03 3.607000000000000000e+03 3.330000000000000000e+03 3.006000000000000000e+03 2.905000000000000000e+03 2.560000000000000000e+03 2.352000000000000000e+03 2.407000000000000000e+03
0.000000000000000000e+00 0.000000000000000000e+00 1.000000000000000000e+00 8.000000000000000000e+00 7.100000000000000000e+01 2.400000000000000000e+02 5.450000000000000000e+02 7.820000000000000000e+02 1.083000000000000000e+03 1.279000000000000000e+03 1.743000000000000000e+03 2.267000000000000000e+03 2.775000000000000000e+03 3.424000000000000000e+03 4.664000000000000000e+03 4.933000000000000000e+03 5.871000000000000000e+03 7.055000000000000000e+03 8.600000000000000000e+03 9.565000000000000000e+03 1.067400000000000000e+04 1.287200000000000000e+04 1.443400000000000000e+04 1.481400000000000000e+04 1.573800000000000000e+04 1.541200000000000000e+04 1.418000000000000000e+04 1.404200000000000000e+04 1.273700000000000000e+04 1.159500000000000000e+04 9.767000000000000000e+03 8.945000000000000000e+03 7.986000000000000000e+03 7.054000000000000000e+03 5.850000000000000000e+03 5.544000000000000000e+03 5.667000000000000000e+03 5.313000000000000000e+03 5.208000000000000000e+03 4.654000000000000000e+03
0.000000000000000000e+00 3.000000000000000000e+00 2.900000000000000000e+01 7.100000000000000000e+01 2.320000000000000000e+02 7.260000000000000000e+02 1.405000000000000000e+03 2.315000000000000000e+03 2.955000000000000000e+03 4.104000000000000000e+03 4.601000000000000000e+03 5.442000000000000000e+03 6.733000000000000000e+03 7.869000000000000000e+03 8.761000000000000000e+03 9.840000000000000000e+03 1.119500000000000000e+04 1.264100000000000000e+04 1.495200000000000000e+04 1.629400000000000000e+04 1.757800000000000000e+04 1.879200000000000000e+04 2.110600000000000000e+04 2.079000000000000000e+04 2.108100000000000000e+04 1.997300000000000000e+04 1.826700000000000000e+04 1.784600000000000000e+04 1.603300000000000000e+04 1.539200000000000000e+04 1.333200000000000000e+04 1.182600000000000000e+04 1.060200000000000000e+04 9.692000000000000000e+03 8.372000000000000000e+03 8.199000000000000000e+03 8.509000000000000000e+03 7.870000000000000000e+03 7.083000000000000000e+03 7.684000000000000000e+03
0.000000000000000000e+00 1.200000000000000000e+01 5.400000000000000000e+01 2.400000000000000000e+02 7.260000000000000000e+02 1.638000000000000000e+03 2.931000000000000000e+03 3.980000000000000000e+03 5.929000000000000000e+03 7.143000000000000000e+03 8.311000000000000000e+03 1.001400000000000000e+04 1.063800000000000000e+04 1.221000000000000000e+04 1.287500000000000000e+04 1.376500000000000000e+04 1.575000000000000000e+04 1.696200000000000000e+04 1.778500000000000000e+04 1.976600000000000000e+04 2.000800000000000000e+04 2.117900000000000000e+04 2.242000000000000000e+04 2.193500000000000000e+04 2.090500000000000000e+04 2.107700000000000000e+04 2.041100000000000000e+04 1.942500000000000000e+04 1.688200000000000000e+04 1.505700000000000000e+04 1.358800000000000000e+04 1.165100000000000000e+04 1.109400000000000000e+04 1.044500000000000000e+04 9.815000000000000000e+03 9.056000000000000000e+03 9.622000000000000000e+03 8.857000000000000000e+03 7.994000000000000000e+03 8.058000000000000000e+03
0.000000000000000000e+00 1.000000000000000000e+01 7.400000000000000000e+01 5.450000000000000000e+02 1.405000000000000000e+03 2.931000000000000000e+03 4.998000000000000000e+03 7.208000000000000000e+03 8.966000000000000000e+03 1.038900000000000000e+04 1.182200000000000000e+04 1.292800000000000000e+04 1.442500000000000000e+04 1.502500000000000000e+04 1.498500000000000000e+04 1.518900000000000000e+04 1.643100000000000000e+04 1.716500000000000000e+04 1.804700000000000000e+04 1.803600000000000000e+04 1.837700000000000000e+04 1.936600000000000000e+04 1.877500000000000000e+04 1.781700000000000000e+04 1.804700000000000000e+04 1.817600000000000000e+04 1.835300000000000000e+04 1.676500000000000000e+04 1.398600000000000000e+04 1.266500000000000000e+04 1.155800000000000000e+04 1.050800000000000000e+04 9.540000000000000000e+03 8.998000000000000000e+03 8.882000000000000000e+03 8.487000000000000000e+03 7.877000000000000000e+03 8.164000000000000000e+03 7.475000000000000000e+03 7.126000000000000000e+03
4.000000000000000000e+00 3.000000000000000000e+01 1.880000000000000000e+02 7.820000000000000000e+02 2.315000000000000000e+03 3.980000000000000000e+03 7.208000000000000000e+03 9.902000000000000000e+03 1.199500000000000000e+04 1.402900000000000000e+04 1.435700000000000000e+04 1.404100000000000000e+04 1.482000000000000000e+04 1.447400000000000000e+04 1.421700000000000000e+04 1.424000000000000000e+04 1.456800000000000000e+04 1.436900000000000000e+04 1.452200000000000000e+04 1.415300000000000000e+04 1.355500000000000000e+04 1.343400000000000000e+04 1.410500000000000000e+04 1.415200000000000000e+04 1.318700000000000000e+04 1.222400000000000000e+04 1.226300000000000000e+04 1.196700000000000000e+04 1.065000000000000000e+04 8.944000000000000000e+03 8.017000000000000000e+03 7.555000000000000000e+03 7.098000000000000000e+03 6.487000000000000000e+03 6.450000000000000000e+03 6.676000000000000000e+03 6.027000000000000000e+03 6.003000000000000000e+03 5.584000000000000000e+03 5.961000000000000000e+03
3.000000000000000000e+00 8.900000000000000000e+01 3.220000000000000000e+02 1.083000000000000000e+03 2.955000000000000000e+03 5.929000000000000000e+03 8.966000000000000000e+03 1.199500000000000000e+04 1.350400000000000000e+04 1.494900000000000000e+04 1.511300000000000000e+04 1.458100000000000000e+04 1.388200000000000000e+04 1.337700000000000000e+04 1.184600000000000000e+04 1.124300000000000000e+04 1.108100000000000000e+04 1.022700000000000000e+04 1.012300000000000000e+04 9.547000000000000000e+03 9.285000000000000000e+03 8.756000000000000000e+03 8.834000000000000000e+03 8.877000000000000000e+03 8.616000000000000000e+03 8.640000000000000000e+03 8.385000000000000000e+03 7.490000000000000000e+03 6.649000000000000000e+03 6.315000000000000000e+03 5.365000000000000000e+03 5.246000000000000000e+03 4.909000000000000000e+03 4.253000000000000000e+03 4.630000000000000000e+03 4.200000000000000000e+03 4.277000000000000000e+03 4.084000000000000000e+03 4.496000000000000000e+03 4.380000000000000000e+03
1.400000000000000000e+01 8.800000000000000000e+01 4.070000000000000000e+02 1.279000000000000000e+03 4.104000000000000000e+03 7.143000000000000000e+03 1.038900000000000000e+04 1.402900000000000000e+04 1.494900000000000000e+04 1.494000000000000000e+04 1.403500000000000000e+04 1.254600000000000000e+04 1.176300000000000000e+04 1.050700000000000000e+04 9.447000000000000000e+03 8.231000000000000000e+03 7.713000000000000000e+03 6.753000000000000000e+03 6.505000000000000000e+03 5.743000000000000000e+03 5.772000000000000000e+03 5.786000000000000000e+03 5.553000000000000000e+03 5.056000000000000000e+03 5.145000000000000000e+03 5.076000000000000000e+03 5.046000000000000000e+03 4.523000000000000000e+03 4.190000000000000000e+03 4.022000000000000000e+03 3.306000000000000000e+03 3.196000000000000000e+03 2.982000000000000000e+03 3.138000000000000000e+03 3.090000000000000000e+03 3.145000000000000000e+03 2.918000000000000000e+03 2.738000000000000000e+03 3.261000000000000000e+03 3.324000000000000000e+03
6.000000000000000000e+00 1.430000000000000000e+02 5.600000000000000000e+02 1.743000000000000000e+03 4.601000000000000000e+03 8.311000000000000000e+03 1.182200000000000000e+04 1.435700000000000000e+04 1.511300000000000000e+04 1.403500000000000000e+04 1.262200000000000000e+04 1.066100000000000000e+04 9.640000000000000000e+03 7.974000000000000000e+03 6.883000000000000000e+03 5.293000000000000000e+03 4.587000000000000000e+03 4.158000000000000000e+03 3.739000000000000000e+03 3.900000000000000000e+03 3.766000000000000000e+03 3.563000000000000000e+03 3.446000000000000000e+03 3.167000000000000000e+03 3.222000000000000000e+03 3.219000000000000000e+03 2.679000000000000000e+03 2.967000000000000000e+03 2.529000000000000000e+03 2.441000000000000000e+03 2.437000000000000000e+03 2.028000000000000000e+03 1.994000000000000000e+03 2.219000000000000000e+03 1.773000000000000000e+03 1.997000000000000000e+03 2.094000000000000000e+03 2.033000000000000000e+03 2.334000000000000000e+03 2.305000000000000000e+03
3.600000000000000000e+01 1.210000000000000000e+02 6.740000000000000000e+02 2.267000000000000000e+03 5.442000000000000000e+03 1.001400000000000000e+04 1.292800000000000000e+04 1.404100000000000000e+04 1.458100000000000000e+04 1.254600000000000000e+04 1.066100000000000000e+04 8.204000000000000000e+03 7.079000000000000000e+03 5.730000000000000000e+03 4.202000000000000000e+03 3.749000000000000000e+03 3.129000000000000000e+03 2.862000000000000000e+03 2.277000000000000000e+03 2.658000000000000000e+03 2.547000000000000000e+03 2.282000000000000000e+03 2.374000000000000000e+03 2.403000000000000000e+03 2.129000000000000000e+03 2.000000000000000000e+03 1.938000000000000000e+03 2.079000000000000000e+03 1.801000000000000000e+03 1.564000000000000000e+03 1.625000000000000000e+03 1.376000000000000000e+03 1.265000000000000000e+03 1.362000000000000000e+03 1.497000000000000000e+03 1.616000000000000000e+03 1.747000000000000000e+03 1.763000000000000000e+03 1.771000000000000000e+03 2.066000000000000000e+03
2.400000000000000000e+01 2.590000000000000000e+02 9.670000000000000000e+02 2.775000000000000000e+03 6.733000000000000000e+03 1.063800000000000000e+04 1.442500000000000000e+04 1.482000000000000000e+04 1.388200000000000000e+04 1.176300000000000000e+04 9.640000000000000000e+03 7.079000000000000000e+03 5.114000000000000000e+03 4.302000000000000000e+03 3.094000000000000000e+03 2.549000000000000000e+03 2.336000000000000000e+03 1.946000000000000000e+03 1.816000000000000000e+03 1.570000000000000000e+03 1.500000000000000000e+03 1.383000000000000000e+03 1.429000000000000000e+03 1.495000000000000000e+03 1.403000000000000000e+03 1.314000000000000000e+03 1.633000000000000000e+03 1.432000000000000000e+03 1.444000000000000000e+03 1.245000000000000000e+03 1.175000000000000000e+03 1.098000000000000000e+03 8.460000000000000000e+02 1.226000000000000000e+03 1.350000000000000000e+03 1.285000000000000000e+03 1.368000000000000000e+03 1.357000000000000000e+03 1.598000000000000000e+03 1.622000000000000000e+03
3.800000000000000000e+01 3.200000000000000000e+02 1.285000000000000000e+03 3.424000000000000000e+03 7.869000000000000000e+03 1.221000000000000000e+04 1.502500000000000000e+04 1.447400000000000000e+04 1.337700000000000000e+04 1.050700000000000000e+04 7.974000000000000000e+03 5.730000000000000000e+03 4.302000000000000000e+03 2.984000000000000000e+03 2.346000000000000000e+03 1.996000000000000000e+03 1.685000000000000000e+03 1.540000000000000000e+03 1.377000000000000000e+03 1.180000000000000000e+03 1.029000000000000000e+03 1.059000000000000000e+03 1.078000000000000000e+03 1.145000000000000000e+03 1.035000000000000000e+03 9.600000000000000000e+02 1.030000000000000000e+03 8.470000000000000000e+02 1.090000000000000000e+03 1.021000000000000000e+03 9.550000000000000000e+02 9.220000000000000000e+02 8.560000000000000000e+02 1.046000000000000000e+03 9.150000000000000000e+02 9.160000000000000000e+02 1.074000000000000000e+03 1.056000000000000000e+03 1.587000000000000000e+03 1.240000000000000000e+03
4.100000000000000000e+01 3.060000000000000000e+02 1.458000000000000000e+03 4.664000000000000000e+03 8.761000000000000000e+03 1.287500000000000000e+04 1.498500000000000000e+04 1.421700000000000000e+04 1.184600000000000000e+04 9.447000000000000000e+03 6.883000000000000000e+03 4.202000000000000000e+03 3.094000000000000000e+03 2.346000000000000000e+03 1.546000000000000000e+03 1.325000000000000000e+03 1.238000000000000000e+03 1.151000000000000000e+03 1.017000000000000000e+03 7.150000000000000000e+02 7.820000000000000000e+02 8.320000000000000000e+02 7.750000000000000000e+02 8.460000000000000000e+02 8.140000000000000000e+02 8.330000000000000000e+02 8.430000000000000000e+02 7.270000000000000000e+02 7.440000000000000000e+02 6.450000000000000000e+02 7.830000000000000000e+02 6.830000000000000000e+02 7.830000000000000000e+02 6.860000000000000000e+02 8.580000000000000000e+02 8.880000000000000000e+02 1.014000000000000000e+03 1.120000000000000000e+03 1.185000000000000000e+03 1.313000000000000000e+03
5.100000000000000000e+01 3.930000000000000000e+02 1.687000000000000000e+03 4.933000000000000000e+03 9.840000000000000000e+03 1.376500000000000000e+04 1.518900000000000000e+04 1.424000000000000000e+04 1.124300000000000000e+04 8.231000000000000000e+03 5.293000000000000000e+03 3.749000000000000000e+03 2.549000000000000000e+03 1.996000000000000000e+03 1.325000000000000000e+03 1.028000000000000000e+03 1.050000000000000000e+03 7.520000000000000000e+02 6.670000000000000000e+02 6.280000000000000000e+02 6.400000000000000000e+02 5.750000000000000000e+02 7.360000000000000000e+02 7.740000000000000000e+02 8.530000000000000000e+02 7.660000000000000000e+02 8.820000000000000000e+02 7.700000000000000000e+02 7.090000000000000000e+02 7.210000000000000000e+02 8.710000000000000000e+02 7.210000000000000000e+02 7.790000000000000000e+02 8.210000000000000000e+02 6.890000000000000000e+02 9.540000000000000000e+02 1.022000000000000000e+03 1.115000000000000000e+03 1.077000000000000000e+03 1.025000000000000000e+03
1.040000000000000000e+02 4.410000000000000000e+02 2.270000000000000000e+03 5.871000000000000000e+03 1.119500000000000000e+04 1.575000000000000000e+04 1.643100000000000000e+04 1.456800000000000000e+04 1.108100000000000000e+04 7.713000000000000000e+03 4.587000000000000000e+03 3.129000000000000000e+03 2.336000000000000000e+03 1.685000000000000000e+03 1.238000000000000000e+03 1.050000000000000000e+03 9.480000000000000000e+02 8.110000000000000000e+02 7.850000000000000000e+02 6.780000000000000000e+02 7.760000000000000000e+02 7.000000000000000000e+02 8.430000000000000000e+02 7.090000000000000000e+02 6.890000000000000000e+02 8.000000000000000000e+02 9.080000000000000000e+02 8.230000000000000000e+02 6.380000000000000000e+02 7.200000000000000000e+02 7.980000000000000000e+02 6.290000000000000000e+02 8.970000000000000000e+02 8.010000000000000000e+02 6.560000000000000000e+02 8.410000000000000000e+02 1.084000000000000000e+03 9.360000000000000000e+02 1.147000000000000000e+03 1.167000000000000000e+03
8.400000000000000000e+01 8.440000000000000000e+02 3.004000000000000000e+03 7.055000000000000000e+03 1.264100000000000000e+04 1.696200000000000000e+04 1.716500000000000000e+04 1.436900000000000000e+04 1.022700000000000000e+04 6.753000000000000000e+03 4.158000000000000000e+03 2.862000000000000000e+03 1.946000000000000000e+03 1.540000000000000000e+03 1.151000000000000000e+03 7.520000000000000000e+02 8.110000000000000000e+02 8.340000000000000000e+02 6.650000000000000000e+02 5.610000000000000000e+02 5.660000000000000000e+02 5.640000000000000000e+02 8.030000000000000000e+02 9.890000000000000000e+02 8.710000000000000000e+02 7.630000000000000000e+02 8.710000000000000000e+02 6.630000000000000000e+02 8.360000000000000000e+02 8.620000000000000000e+02 7.820000000000000000e+02 8.550000000000000000e+02 9.200000000000000000e+02 8.480000000000000000e+02 7.690000000000000000e+02 8.470000000000000000e+02 9.550000000000000000e+02 1.014000000000000000e+03 8.700000000000000000e+02 1.328000000000000000e+03
1.340000000000000000e+02 9.380000000000000000e+02 3.455000000000000000e+03 8.600000000000000000e+03 1.495200000000000000e+04 1.778500000000000000e+04 1.804700000000000000e+04 1.452200000000000000e+04 1.012300000000000000e+04 6.505000000000000000e+03 3.739000000000000000e+03 2.277000000000000000e+03 1.816000000000000000e+03 1.377000000000000000e+03 1.017000000000000000e+03 6.670000000000000000e+02 7.850000000000000000e+02 6.650000000000000000e+02 7.240000000000000000e+02 5.620000000000000000e+02 6.940000000000000000e+02 6.220000000000000000e+02 7.580000000000000000e+02 7.940000000000000000e+02 9.590000000000000000e+02 8.600000000000000000e+02 8.340000000000000000e+02 7.560000000000000000e+02 8.020000000000000000e+02 7.500000000000000000e+02 7.480000000000000000e+02 7.670000000000000000e+02 8.540000000000000000e+02 8.280000000000000000e+02 8.430000000000000000e+02 1.232000000000000000e+03 9.600000000000000000e+02 1.109000000000000000e+03 1.169000000000000000e+03 1.121000000000000000e+03
1.680000000000000000e+02 1.067000000000000000e+03 4.151000000000000000e+03 9.565000000000000000e+03 1.629400000000000000e+04 1.976600000000000000e+04 1.803600000000000000e+04 1.415300000000000000e+04 9.547000000000000000e+03 5.743000000000000000e+03 3.900000000000000000e+03 2.658000000000000000e+03 1.570000000000000000e+03 1.180000000000000000e+03 7.150000000000000000e+02 6.280000000000000000e+02 6.780000000000000000e+02 5.610000000000000000e+02 5.620000000000000000e+02 5.720000000000000000e+02 7.370000000000000000e+02 7.850000000000000000e+02 8.210000000000000000e+02 1.006000000000000000e+03 8.920000000000000000e+02 9.560000000000000000e+02 8.910000000000000000e+02 7.280000000000000000e+02 7.210000000000000000e+02 9.610000000000000000e+02 8.950000000000000000e+02 8.240000000000000000e+02 8.130000000000000000e+02 9.280000000000000000e+02 9.470000000000000000e+02 9.490000000000000000e+02 1.047000000000000000e+03 1.123000000000000000e+03 1.248000000000000000e+03 1.308000000000000000e+03
2.600000000000000000e+02 1.499000000000000000e+03 5.046000000000000000e+03 1.067400000000000000e+04 1.757800000000000000e+04 2.000800000000000000e+04 1.837700000000000000e+04 1.355500000000000000e+04 9.285000000000000000e+03 5.772000000000000000e+03 3.766000000000000000e+03 2.547000000000000000e+03 1.500000000000000000e+03 1.029000000000000000e+03 7.820000000000000000e+02 6.400000000000000000e+02 7.760000000000000000e+02 5.660000000000000000e+02 6.940000000000000000e+02 7.370000000000000000e+02 6.940000000000000000e+02 7.940000000000000000e+02 1.055000000000000000e+03 1.080000000000000000e+03 1.071000000000000000e+03 1.018000000000000000e+03 1.202000000000000000e+03 9.710000000000000000e+02 1.044000000000000000e+03 1.071000000000000000e+03 1.048000000000000000e+03 1.058000000000000000e+03 1.103000000000000000e+03 1.064000000000000000e+03 1.169000000000000000e+03 1.343000000000000000e+03 1.381000000000000000e+03 1.208000000000000000e+03 1.338000000000000000e+03 1.286000000000000000e+03
3.210000000000000000e+02 1.842000000000000000e+03 6.259000000000000000e+03 1.287200000000000000e+04 1.879200000000000000e+04 2.117900000000000000e+04 1.936600000000000000e+04 1.343400000000000000e+04 8.756000000000000000e+03 5.786000000000000000e+03 3.563000000000000000e+03 2.282000000000000000e+03 1.383000000000000000e+03 1.059000000000000000e+03 8.320000000000000000e+02 5.750000000000000000e+02 7.000000000000000000e+02 5.640000000000000000e+02 6.220000000000000000e+02 7.850000000000000000e+02 7.940000000000000000e+02 9.300000000000000000e+02 1.098000000000000000e+03 1.357000000000000000e+03 1.323000000000000000e+03 1.285000000000000000e+03 1.174000000000000000e+03 1.116000000000000000e+03 1.164000000000000000e+03 1.518000000000000000e+03 1.088000000000000000e+03 1.203000000000000000e+03 1.256000000000000000e+03 1.240000000000000000e+03 1.239000000000000000e+03 1.123000000000000000e+03 1.451000000000000000e+03 1.445000000000000000e+03 1.273000000000000000e+03 1.374000000000000000e+03
5.220000000000000000e+02 2.274000000000000000e+03 7.177000000000000000e+03 1.443400000000000000e+04 2.110600000000000000e+04 2.242000000000000000e+04 1.877500000000000000e+04 1.410500000000000000e+04 8.834000000000000000e+03 5.553000000000000000e+03 3.446000000000000000e+03 2.374000000000000000e+03 1.429000000000000000e+03 1.078000000000000000e+03 7.750000000000000000e+02 7.360000000000000000e+02 8.430000000000000000e+02 8.030000000000000000e+02 7.580000000000000000e+02 8.210000000000000000e+02 1.055000000000000000e+03 1.098000000000000000e+03 1.036000000000000000e+03 1.197000000000000000e+03 1.515000000000000000e+03 1.452000000000000000e+03 1.409000000000000000e+03 1.587000000000000000e+03 1.281000000000000000e+03 1.476000000000000000e+03 1.396000000000000000e+03 1.480000000000000000e+03 1.319000000000000000e+03 1.375000000000000000e+03 1.321000000000000000e+03 1.559000000000000000e+03 1.581000000000000000e+03 1.532000000000000000e+03 1.768000000000000000e+03 1.814000000000000000e+03
6.120000000000000000e+02 2.874000000000000000e+03 8.424000000000000000e+03 1.481400000000000000e+04 2.079000000000000000e+04 2.193500000000000000e+04 1.781700000000000000e+04 1.415200000000000000e+04 8.877000000000000000e+03 5.056000000000000000e+03 3.167000000000000000e+03 2.403000000000000000e+03 1.495000000000000000e+03 1.145000000000000000e+03 8.460000000000000000e+02 7.740000000000000000e+02 7.090000000000000000e+02 9.890000000000000000e+02 7.940000000000000000e+02 1.006000000000000000e+03 1.080000000000000000e+03 1.357000000000000000e+03 1.197000000000000000e+03 1.484000000000000000e+03 1.685000000000000000e+03 1.608000000000000000e+03 1.680000000000000000e+03 1.720000000000000000e+03 1.494000000000000000e+03 1.632000000000000000e+03 1.366000000000000000e+03 1.557000000000000000e+03 1.404000000000000000e+03 1.744000000000000000e+03 1.805000000000000000e+03 1.571000000000000000e+03 2.061000000000000000e+03 2.052000000000000000e+03 2.177000000000000000e+03 2.144000000000000000e+03
5.410000000000000000e+02 3.033000000000000000e+03 8.304000000000000000e+03 1.573800000000000000e+04 2.108100000000000000e+04 2.090500000000000000e+04 1.804700000000000000e+04 1.318700000000000000e+04 8.616000000000000000e+03 5.145000000000000000e+03 3.222000000000000000e+03 2.129000000000000000e+03 1.403000000000000000e+03 1.035000000000000000e+03 8.140000000000000000e+02 8.530000000000000000e+02 6.890000000000000000e+02 8.710000000000000000e+02 9.590000000000000000e+02 8.920000000000000000e+02 1.071000000000000000e+03 1.323000000000000000e+03 1.515000000000000000e+03 1.685000000000000000e+03 2.270000000000000000e+03 1.893000000000000000e+03 1.681000000000000000e+03 1.927000000000000000e+03 1.797000000000000000e+03 1.937000000000000000e+03 1.613000000000000000e+03 1.934000000000000000e+03 1.955000000000000000e+03 2.140000000000000000e+03 2.197000000000000000e+03 2.366000000000000000e+03 2.198000000000000000e+03 2.430000000000000000e+03 2.339000000000000000e+03 1.881000000000000000e+03
6.990000000000000000e+02 3.072000000000000000e+03 8.458000000000000000e+03 1.541200000000000000e+04 1.997300000000000000e+04 2.107700000000000000e+04 1.817600000000000000e+04 1.222400000000000000e+04 8.640000000000000000e+03 5.076000000000000000e+03 3.219000000000000000e+03 2.000000000000000000e+03 1.314000000000000000e+03 9.600000000000000000e+02 8.330000000000000000e+02 7.660000000000000000e+02 8.000000000000000000e+02 7.630000000000000000e+02 8.600000000000000000e+02 9.560000000000000000e+02 1.018000000000000000e+03 1.285000000000000000e+03 1.452000000000000000e+03 1.608000000000000000e+03 1.893000000000000000e+03 2.098000000000000000e+03 2.170000000000000000e+03 2.057000000000000000e+03 1.809000000000000000e+03 2.035000000000000000e+03 2.070000000000000000e+03 2.335000000000000000e+03 2.221000000000000000e+03 2.128000000000000000e+03 2.412000000000000000e+03 2.248000000000000000e+03 2.548000000000000000e+03 2.431000000000000000e+03 2.137000000000000000e+03 2.315000000000000000e+03
7.450000000000000000e+02 3.124000000000000000e+03 8.682000000000000000e+03 1.418000000000000000e+04 1.826700000000000000e+04 2.041100000000000000e+04 1.835300000000000000e+04 1.226300000000000000e+04 8.385000000000000000e+03 5.046000000000000000e+03 2.679000000000000000e+03 1.938000000000000000e+03 1.633000000000000000e+03 1.030000000000000000e+03 8.430000000000000000e+02 8.820000000000000000e+02 9.080000000000000000e+02 8.710000000000000000e+02 8.340000000000000000e+02 8.910000000000000000e+02 1.202000000000000000e+03 1.174000000000000000e+03 1.409000000000000000e+03 1.680000000000000000e+03 1.681000000000000000e+03 2.170000000000000000e+03 1.820000000000000000e+03 2.373000000000000000e+03 2.131000000000000000e+03 2.296000000000000000e+03 2.406000000000000000e+03 2.266000000000000000e+03 2.298000000000000000e+03 2.220000000000000000e+03 2.445000000000000000e+03 2.431000000000000000e+03 2.755000000000000000e+03 2.399000000000000000e+03 2.551000000000000000e+03 2.611000000000000000e+03
7.080000000000000000e+02 3.048000000000000000e+03 8.100000000000000000e+03 1.404200000000000000e+04 1.784600000000000000e+04 1.942500000000000000e+04 1.676500000000000000e+04 1.196700000000000000e+04 7.490000000000000000e+03 4.523000000000000000e+03 2.967000000000000000e+03 2.079000000000000000e+03 1.432000000000000000e+03 8.470000000000000000e+02 7.270000000000000000e+02 7.700000000000000000e+02 8.230000000000000000e+02 6.630000000000000000e+02 7.560000000000000000e+02 7.280000000000000000e+02 9.710000000000000000e+02 1.116000000000000000e+03 1.587000000000000000e+03 1.720000000000000000e+03 1.927000000000000000e+03 2.057000000000000000e+03 2.373000000000000000e+03 2.312000000000000000e+03 2.025000000000000000e+03 2.346000000000000000e+03 2.549000000000000000e+03 2.493000000000000000e+03 2.338000000000000000e+03 2.630000000000000000e+03 2.674000000000000000e+03 2.766000000000000000e+03 2.606000000000000000e+03 2.508000000000000000e+03 2.856000000000000000e+03 2.933000000000000000e+03
5.490000000000000000e+02 2.633000000000000000e+03 7.172000000000000000e+03 1.273700000000000000e+04 1.603300000000000000e+04 1.688200000000000000e+04 1.398600000000000000e+04 1.065000000000000000e+04 6.649000000000000000e+03 4.190000000000000000e+03 2.529000000000000000e+03 1.801000000000000000e+03 1.444000000000000000e+03 1.090000000000000000e+03 7.440000000000000000e+02 7.090000000000000000e+02 6.380000000000000000e+02 8.360000000000000000e+02 8.020000000000000000e+02 7.210000000000000000e+02 1.044000000000000000e+03 1.164000000000000000e+03 1.281000000000000000e+03 1.494000000000000000e+03 1.797000000000000000e+03 1.809000000000000000e+03 2.131000000000000000e+03 2.025000000000000000e+03 2.338000000000000000e+03 2.751000000000000000e+03 2.590000000000000000e+03 2.769000000000000000e+03 2.577000000000000000e+03 2.575000000000000000e+03 3.049000000000000000e+03 2.783000000000000000e+03 2.668000000000000000e+03 2.556000000000000000e+03 2.846000000000000000e+03 2.975000000000000000e+03
4.310000000000000000e+02 2.166000000000000000e+03 6.284000000000000000e+03 1.159500000000000000e+04 1.539200000000000000e+04 1.505700000000000000e+04 1.266500000000000000e+04 8.944000000000000000e+03 6.315000000000000000e+03 4.022000000000000000e+03 2.441000000000000000e+03 1.564000000000000000e+03 1.245000000000000000e+03 1.021000000000000000e+03 6.450000000000000000e+02 7.210000000000000000e+02 7.200000000000000000e+02 8.620000000000000000e+02 7.500000000000000000e+02 9.610000000000000000e+02 1.071000000000000000e+03 1.518000000000000000e+03 1.476000000000000000e+03 1.632000000000000000e+03 1.937000000000000000e+03 2.035000000000000000e+03 2.296000000000000000e+03 2.346000000000000000e+03 2.751000000000000000e+03 2.512000000000000000e+03 2.749000000000000000e+03 2.773000000000000000e+03 2.526000000000000000e+03 2.528000000000000000e+03 2.765000000000000000e+03 2.582000000000000000e+03 2.650000000000000000e+03 2.726000000000000000e+03 3.121000000000000000e+03 2.919000000000000000e+03
4.280000000000000000e+02 2.230000000000000000e+03 5.351000000000000000e+03 9.767000000000000000e+03 1.333200000000000000e+04 1.358800000000000000e+04 1.155800000000000000e+04 8.017000000000000000e+03 5.365000000000000000e+03 3.306000000000000000e+03 2.437000000000000000e+03 1.625000000000000000e+03 1.175000000000000000e+03 9.550000000000000000e+02 7.830000000000000000e+02 8.710000000000000000e+02 7.980000000000000000e+02 7.820000000000000000e+02 7.480000000000000000e+02 8.950000000000000000e+02 1.048000000000000000e+03 1.088000000000000000e+03 1.396000000000000000e+03 1.366000000000000000e+03 1.613000000000000000e+03 2.070000000000000000e+03 2.406000000000000000e+03 2.549000000000000000e+03 2.590000000000000000e+03 2.749000000000000000e+03 2.710000000000000000e+03 2.864000000000000000e+03 2.425000000000000000e+03 2.510000000000000000e+03 2.443000000000000000e+03 2.431000000000000000e+03 2.636000000000000000e+03 2.821000000000000000e+03 3.131000000000000000e+03 2.949000000000000000e+03
3.510000000000000000e+02 1.517000000000000000e+03 4.688000000000000000e+03 8.945000000000000000e+03 1.182600000000000000e+04 1.165100000000000000e+04 1.050800000000000000e+04 7.555000000000000000e+03 5.246000000000000000e+03 3.196000000000000000e+03 2.028000000000000000e+03 1.376000000000000000e+03 1.098000000000000000e+03 9.220000000000000000e+02 6.830000000000000000e+02 7.210000000000000000e+02 6.290000000000000000e+02 8.550000000000000000e+02 7.670000000000000000e+02 8.240000000000000000e+02 1.058000000000000000e+03 1.203000000000000000e+03 1.480000000000000000e+03 1.557000000000000000e+03 1.934000000000000000e+03 2.335000000000000000e+03 2.266000000000000000e+03 2.493000000000000000e+03 2.769000000000000000e+03 2.773000000000000000e+03 2.864000000000000000e+03 2.460000000000000000e+03 2.617000000000000000e+03 2.509000000000000000e+03 2.692000000000000000e+03 2.536000000000000000e+03 2.866000000000000000e+03 2.972000000000000000e+03 3.046000000000000000e+03 3.113000000000000000e+03
2.960000000000000000e+02 1.358000000000000000e+03 3.899000000000000000e+03 7.986000000000000000e+03 1.060200000000000000e+04 1.109400000000000000e+04 9.540000000000000000e+03 7.098000000000000000e+03 4.909000000000000000e+03 2.982000000000000000e+03 1.994000000000000000e+03 1.265000000000000000e+03 8.460000000000000000e+02 8.560000000000000000e+02 7.830000000000000000e+02 7.790000000000000000e+02 8.970000000000000000e+02 9.200000000000000000e+02 8.540000000000000000e+02 8.130000000000000000e+02 1.103000000000000000e+03 1.256000000000000000e+03 1.319000000000000000e+03 1.404000000000000000e+03 1.955000000000000000e+03 2.221000000000000000e+03 2.298000000000000000e+03 2.338000000000000000e+03 2.577000000000000000e+03 2.526000000000000000e+03 2.425000000000000000e+03 2.617000000000000000e+03 2.580000000000000000e+03 2.624000000000000000e+03 2.603000000000000000e+03 2.864000000000000000e+03 2.933000000000000000e+03 2.849000000000000000e+03 3.177000000000000000e+03 2.903000000000000000e+03
2.740000000000000000e+02 1.265000000000000000e+03 3.607000000000000000e+03 7.054000000000000000e+03 9.692000000000000000e+03 1.044500000000000000e+04 8.998000000000000000e+03 6.487000000000000000e+03 4.253000000000000000e+03 3.138000000000000000e+03 2.219000000000000000e+03 1.362000000000000000e+03 1.226000000000000000e+03 1.046000000000000000e+03 6.860000000000000000e+02 8.210000000000000000e+02 8.010000000000000000e+02 8.480000000000000000e+02 8.280000000000000000e+02 9.280000000000000000e+02 1.064000000000000000e+03 1.240000000000000000e+03 1.375000000000000000e+03 1.744000000000000000e+03 2.140000000000000000e+03 2.128000000000000000e+03 2.220000000000000000e+03 2.630000000000000000e+03 2.575000000000000000e+03 2.528000000000000000e+03 2.510000000000000000e+03 2.509000000000000000e+03 2.624000000000000000e+03 2.488000000000000000e+03 2.812000000000000000e+03 3.147000000000000000e+03 3.400000000000000000e+03 3.066000000000000000e+03 2.982000000000000000e+03 3.184000000000000000e+03
2.130000000000000000e+02 9.930000000000000000e+02 3.330000000000000000e+03 5.850000000000000000e+03 8.372000000000000000e+03 9.815000000000000000e+03 8.882000000000000000e+03 6.450000000000000000e+03 4.630000000000000000e+03 3.090000000000000000e+03 1.773000000000000000e+03 1.497000000000000000e+03 1.350000000000000000e+03 9.150000000000000000e+02 8.580000000000000000e+02 6.890000000000000000e+02 6.560000000000000000e+02 7.690000000000000000e+02 8.430000000000000000e+02 9.470000000000000000e+02 1.169000000000000000e+03 1.239000000000000000e+03 1.321000000000000000e+03 1.805000000000000000e+03 2.197000000000000000e+03 2.412000000000000000e+03 2.445000000000000000e+03 2.674000000000000000e+03 3.049000000000000000e+03 2.765000000000000000e+03 2.443000000000000000e+03 2.692000000000000000e+03 2.603000000000000000e+03 2.812000000000000000e+03 2.890000000000000000e+03 2.880000000000000000e+03 3.331000000000000000e+03 3.073000000000000000e+03 2.927000000000000000e+03 2.845000000000000000e+03
1.250000000000000000e+02 1.036000000000000000e+03 3.006000000000000000e+03 5.544000000000000000e+03 8.199000000000000000e+03 9.056000000000000000e+03 8.487000000000000000e+03 6.676000000000000000e+03 4.200000000000000000e+03 3.145000000000000000e+03 1.997000000000000000e+03 1.616000000000000000e+03 1.285000000000000000e+03 9.160000000000000000e+02 8.880000000000000000e+02 9.540000000000000000e+02 8.410000000000000000e+02 8.470000000000000000e+02 1.232000000000000000e+03 9.490000000000000000e+02 1.343000000000000000e+03 1.123000000000000000e+03 1.559000000000000000e+03 1.571000000000000000e+03 2.366000000000000000e+03 2.248000000000000000e+03 2.431000000000000000e+03 2.766000000000000000e+03 2.783000000000000000e+03 2.582000000000000000e+03 2.431000000000000000e+03 2.536000000000000000e+03 2.864000000000000000e+03 3.147000000000000000e+03 2.880000000000000000e+03 2.786000000000000000e+03 3.432000000000000000e+03 3.189000000000000000e+03 2.961000000000000000e+03 3.130000000000000000e+03
1.140000000000000000e+02 1.038000000000000000e+03 2.905000000000000000e+03 5.667000000000000000e+03 8.509000000000000000e+03 9.622000000000000000e+03 7.877000000000000000e+03 6.027000000000000000e+03 4.277000000000000000e+03 2.918000000000000000e+03 2.094000000000000000e+03 1.747000000000000000e+03 1.368000000000000000e+03 1.074000000000000000e+03 1.014000000000000000e+03 1.022000000000000000e+03 1.084000000000000000e+03 9.550000000000000000e+02 9.600000000000000000e+02 1.047000000000000000e+03 1.381000000000000000e+03 1.451000000000000000e+03 1.581000000000000000e+03 2.061000000000000000e+03 2.198000000000000000e+03 2.548000000000000000e+03 2.755000000000000000e+03 2.606000000000000000e+03 2.668000000000000000e+03 2.650000000000000000e+03 2.636000000000000000e+03 2.866000000000000000e+03 2.933000000000000000e+03 3.400000000000000000e+03 3.331000000000000000e+03 3.432000000000000000e+03 3.126000000000000000e+03 2.983000000000000000e+03 3.224000000000000000e+03 2.774000000000000000e+03
1.360000000000000000e+02 8.950000000000000000e+02 2.560000000000000000e+03 5.313000000000000000e+03 7.870000000000000000e+03 8.857000000000000000e+03 8.164000000000000000e+03 6.003000000000000000e+03 4.084000000000000000e+03 2.738000000000000000e+03 2.033000000000000000e+03 1.763000000000000000e+03 1.357000000000000000e+03 1.056000000000000000e+03 1.120000000000000000e+03 1.115000000000000000e+03 9.360000000000000000e+02 1.014000000000000000e+03 1.109000000000000000e+03 1.123000000000000000e+03 1.208000000000000000e+03 1.445000000000000000e+03 1.532000000000000000e+03 2.052000000000000000e+03 2.430000000000000000e+03 2.431000000000000000e+03 2.399000000000000000e+03 2.508000000000000000e+03 2.556000000000000000e+03 2.726000000000000000e+03 2.821000000000000000e+03 2.972000000000000000e+03 2.849000000000000000e+03 3.066000000000000000e+03 3.073000000000000000e+03 3.189000000000000000e+03 2.983000000000000000e+03 3.020000000000000000e+03 3.099000000000000000e+03 3.296000000000000000e+03
9.500000000000000000e+01 9.020000000000000000e+02 2.352000000000000000e+03 5.208000000000000000e+03 7.083000000000000000e+03 7.994000000000000000e+03 7.475000000000000000e+03 5.584000000000000000e+03 4.496000000000000000e+03 3.261000000000000000e+03 2.334000000000000000e+03 1.771000000000000000e+03 1.598000000000000000e+03 1.587000000000000000e+03 1.185000000000000000e+03 1.077000000000000000e+03 1.147000000000000000e+03 8.700000000000000000e+02 1.169000000000000000e+03 1.248000000000000000e+03 1.338000000000000000e+03 1.273000000000000000e+03 1.768000000000000000e+03 2.177000000000000000e+03 2.339000000000000000e+03 2.137000000000000000e+03 2.551000000000000000e+03 2.856000000000000000e+03 2.846000000000000000e+03 3.121000000000000000e+03 3.131000000000000000e+03 3.046000000000000000e+03 3.177000000000000000e+03 2.982000000000000000e+03 2.927000000000000000e+03 2.961000000000000000e+03 3.224000000000000000e+03 3.099000000000000000e+03 3.394000000000000000e+03 3.520000000000000000e+03
1.320000000000000000e+02 7.660000000000000000e+02 2.407000000000000000e+03 4.654000000000000000e+03 7.684000000000000000e+03 8.058000000000000000e+03 7.126000000000000000e+03 5.961000000000000000e+03 4.380000000000000000e+03 3.324000000000000000e+03 2.305000000000000000e+03 2.066000000000000000e+03 1.622000000000000000e+03 1.240000000000000000e+03 1.313000000000000000e+03 1.025000000000000000e+03 1.167000000000000000e+03 1.328000000000000000e+03 1.121000000000000000e+03 1.308000000000000000e+03 1.286000000000000000e+03 1.374000000000000000e+03 1.814000000000000000e+03 2.144000000000000000e+03 1.881000000000000000e+03 2.315000000000000000e+03 2.611000000000000000e+03 2.933000000000000000e+03 2.975000000000000000e+03 2.919000000000000000e+03 2.949000000000000000e+03 3.113000000000000000e+03 2.903000000000000000e+03 3.184000000000000000e+03 2.845000000000000000e+03 3.130000000000000000e+03 2.774000000000000000e+03 3.296000000000000000e+03 3.520000000000000000e+03 3.548000000000000000e+03
